[7.9, 7.2, 2, 1.3621712367405692, 1.5594161857511744]
[7.9, 7.3, 2, 1.3821678035358653, 1.5794316785573899]
[7.9, 7.4, 2, 1.4022221560291763, 1.5992331725767943]
[7.9, 7.5, 2, 1.422340432846756, 1.6188352881174006]
[7.9, 7.6, 2, 1.4425287507329227, 1.638251981232264]
[7.9, 7.7, 2, 1.4627932300116875, 1.6574966094432473]
[7.9, 7.8, 2, 1.4831400171349938, 1.6765819901191312]
[7.9, 7.9, 2, 1.5035753076295644, 1.6955204553715824]
[7.9, 8.0, 2, 1.5241053687268158, 1.7143239030309347]
[7.9, 8.1, 2, 1.5447365619808242, 1.7330038443485756]
[7.9, 8.2, 2, 1.5654753661530063, 1.7515714489382281]
[7.9, 8.3, 2, 1.5863284005865763, 1.7700375873983123]
[7.9, 8.4, 2, 1.6073024492525876, 1.7884128719708616]
[7.9, 8.5, 2, 1.6284044858141198, 1.8067076957241412]
[7.9, 8.6, 2, 1.649641699805502, 1.824932270476306]
[7.9, 8.7, 2, 1.671021524378147, 1.8430966639667934]
[7.9, 8.8, 2, 1.6925516657497413, 1.861210836492392]
[7.9, 8.9, 2, 1.714240134772428, 1.87928467742513]
[7.9, 9.0, 2, 1.7360952809585832, 1.8973280419435914]
[7.9, 9.1, 4, 0.9672653461546528, 1.0870826176698625]
[9.4, 7.6, 1, 1.1150723885309515, 1.2486236487937865]
[9.3, 7.6, 1, 1.133046679593183, 1.2719979799322945]
[9.2, 7.6, 1, 1.1509821260008928, 1.2951324962131163]
[9.1, 7.6, 1, 1.1688894491360016, 1.3180390907643826]
[9.0, 7.6, 1, 1.1867791226182007, 1.340728971718896]
[8.9, 7.6, 1, 1.2046614205859678, 1.363212725766612]
[8.8, 7.6, 1, 1.2225464652423794, 1.385500378296741]
[8.7, 7.6, 1, 1.24044427039784, 1.4076014460788178]
[8.6, 7.6, 1, 1.2583647831021436, 1.4295249852238263]
[8.5, 7.6, 1, 1.2763179234993571, 1.4512796346618093]
[8.4, 7.6, 1, 1.2943136234479857, 1.4728736558325748]
[8.3, 7.6, 1, 1.3123618642974975, 1.494314969077037]
[8.2, 7.6, 1, 1.3304727142108008, 1.5156111871824318]
[8.1, 7.6, 3, 1.4040130259852057, 1.595840205276503]
